1 0 6
2 1 2
3 2 3
4 3 6
5 4 3
6 5 9
7 6 9
8 7 6
9 8 2
10 9 3
11 10 1
12 11 6
13 12 6
14 13 9
15 14 6
16 15 2
17 16 3
18 17 9
19 18 9
20 19 1
21 20 2
22 21 1
23 22 3
24 23 9
25 24 3
26 25 6
27 26 3
28 27 9
29 28 1
30 29 3
31 30 3
32 31 3
33 32 3
34 33 6
35 34 6
36 35 9
37 36 3
38 37 6
39 38 9
40 39 6
41 40 2
42 41 6
43 42 2
44 43 3
45 44 6
46 45 1
47 46 6
48 47 6
49 48 6
50 49 6
51 50 9
52 51 2
53 52 6
54 53 9
55 54 6
56 55 3
57 56 3
58 57 2
59 58 2
60 59 3
61 60 3
62 61 3
63 62 1
64 63 6
65 64 1
66 65 1
67 66 1
68 67 6
69 68 1
70 69 1
71 70 1
72 71 6
73 72 3
74 73 3
75 74 3
76 75 3
77 76 9
78 77 1
79 78 9
80 79 2
81 80 1
82 81 3
83 82 9
84 83 2
85 84 9
86 85 1
87 86 3
88 87 1
89 88 9
90 89 2
91 90 3
92 91 2
93 92 2
94 93 1
95 94 3
96 95 1
97 96 9
98 97 6
99 98 1
100 99 6
101 100 2
102 101 2
103 102 9
104 103 9
105 104 1
106 105 1
107 106 6
108 107 1
109 108 2
110 109 6
111 110 2
112 111 2
113 112 2
114 113 2
115 114 1
116 115 2
117 116 3
118 117 1
119 118 2
120 119 1
